lambda          Train Error     Validation Error
 0.000000       0.133980        14.644642
 0.001000       0.174926        10.038347
 0.003000       0.257461        20.262077
 0.010000       0.385063        17.063034
 0.030000       0.669275        13.050346
 0.100000       1.443470        8.149386
 0.300000       3.101591        5.882451
 1.000000       7.268148        7.227460
 3.000000       15.867688       10.089385
 10.000000      33.372203       19.819789




  0.000000       0.133980        14.644642
 0.001000       0.111292        10.001985
 0.003000       0.198328        20.228287
 0.010000       0.221622        16.969639
 0.030000       0.281851        12.828961
 0.100000       0.459318        7.587014
 0.300000       0.921760        4.636833
 1.000000       2.076188        4.260625
 3.000000       4.901351        3.822907
 10.000000      16.092213       9.945508